// id - 1 - walking
4
1
3
3
1
0
0
0
0
0
0.0013
0.9
0.9
4
0
0
4
0
3
3
3
3
85
6
8
0
0
0
0.125
0
0.375
0
0.25
0
0
// id - 2 - walking
4
1
3
3
1
0
0
0
0
0
0.0013
0.9
0.9
4
0
0
4
0
3
3
3
3
85
6
8
0.5
0
0.5
0.125
0.5
0.375
0.5
0.25
0.5
0
// id - 3 - walking
4
1
3
3
1
0
0
0
0
0
0.0013
0.9
0.9
4
0
0
4
0
3
3
3
3
85
6
8
0
0.5
0
0.625
0
0.875
0
0.75
0
0.5
// id - 4 - walking
4
1
3
3
1
0
0
0
0
0
0.0013
0.9
0.9
4
0
0
4
0
3
3
3
3
85
6
8
0.5
0.5
0.5
0.625
0.5
0.875
0.5
0.75
0.5
0.5
// id - 5 - flying(texture)
4
1
3
3
1
0
0
0
0
0
0.0013
0.9
0.9
5
0
0
4
0
3
3
3
3
85
9
4
0
0
0
0.25
0
0.75
0
0.5
0
0
// id - 6 - flying(texture)
4
1
3
3
1
0
0
0
0
1
0.0013
0.9
0.9
5
0
0
4
0
3
3
3
3
85
9
4
0.3333333
0
0.3333333
0.25
0.3333333
0.75
0.3333333
0.5
0.3333333
0
// id - 7 - flying(texture)
4
1
3
3
1
0
0
0
0
0
0.0013
0.9
0.9
5
0
0
4
0
3
3
3
3
85
9
4
0.6666666
0
0.6666666
0.25
0.6666666
0.75
0.6666666
0.5
0.6666666
0